82.360384275607473 16.832452461284518
82.357579573656992 16.812657841345576
82.354774871706496 16.792863221406638
82.351970169756015 16.773068601467696
82.349165467805534 16.753273981528757
82.345463182901838 16.733797531628866
82.326322158395413 16.731032967322633
82.328892784037336 16.721089714408450
82.343840100895306 16.707814107469552
82.338298041050194 16.691669142587578
82.347026899571233 16.699097702552795
82.356629119243465 16.707885134487579
82.344266003877834 16.692173778403063
82.331902888512218 16.676462422318551
82.320305392812983 16.660293984988350
82.322969612284950 16.640657614975996
82.326283508403321 16.620941849100063
82.328788018171096 16.601177218730822
82.319391691661863 16.583638382298737
82.317677728992649 16.593716849725141
82.314080655887679 16.609293804412822
82.294096609176862 16.609866072866694
82.296223022402700 16.593038751812475
82.290049073338565 16.578261220925736
82.272398811226893 16.568871781168916
82.266841214032425 16.562231121927493
82.286775086750396 16.563758881732479
82.289221170523959 16.556953438236967
82.286320098714214 16.554871650855532
82.266830967687781 16.550414397957965
82.247341836661349 16.545957145060402
82.228355332694477 16.540001527101062
82.210518853318220 16.530970838588090
82.192682373941949 16.521940150075121
82.174845894565678 16.512909461562153
82.157009415189421 16.503878773049188
82.139172935813150 16.494848084536216
82.121336456436893 16.485817396023247
82.103499977060622 16.476786707510279
82.085663497684351 16.467756018997314
82.067827018308094 16.458725330484345
82.049990538931823 16.449694641971373
82.032139435616443 16.440693120408270
82.027968155351019 16.440226589640027
82.011814449390911 16.428798765435104
81.994919218062435 16.418110244025890
81.978023986733959 16.407421722616672
81.961787797653869 16.400180910642597
81.962738687351575 16.420150616207298
81.961941593931513 16.430144902230090
81.956911025927624 16.410795826874502
81.950125987680451 16.393309370460305
81.930435899539532 16.389846169547663
81.910745811398627 16.386382968635022
81.891055723257722 16.382919767722381
81.871733029905101 16.378144700609369
81.853534885110022 16.369866967974435
81.835336740314943 16.361589235339508
81.817138595519864 16.353311502704575
81.798940450724785 16.345033770069644
81.780742305929707 16.336756037434718
81.762544161134628 16.328478304799788
81.744346016339549 16.320200572164858
81.726147871544470 16.311922839529927
81.718672594724865 16.320979153884991
81.717957979992860 16.340958709869618
81.717243365260870 16.360938265854244
81.714936188004742 16.346597717469759
81.712543505861717 16.326749080143216
81.710150823718678 16.306900442816680
81.697219489775108 16.320133746861494
81.681673613157457 16.331093836247287
81.661792329456219 16.333198091447741
81.641911045754966 16.335302346648195
81.622029762053714 16.337406601848649
81.602148478352476 16.339510857049103
81.582267194651223 16.341615112249556
81.562385910949985 16.343719367450010
81.549969648569103 16.350001931882975
81.560240977367243 16.366472227279875
81.551903751597592 16.359165591482636
81.536155400778242 16.352335434231509
81.516214011474659 16.350909136856696
81.496272622171091 16.349482839481887
81.476331232867508 16.348056542107070
81.456389843563940 16.346630244732260
81.436448454260358 16.345203947357447
81.416507064956789 16.343777649982634
81.396725195530891 16.341755484371966
81.378936170799037 16.332633813881717
81.361186857418119 16.323432987502287
81.343437544037215 16.314232161122860
81.325688230656297 16.305031334743429
81.307938917275379 16.295830508364002
81.290189603894476 16.286629681984575
81.272408204832487 16.278835524954189
81.267349021418937 16.286091765153309
81.263813723586452 16.267106218931119
81.252249290110100 16.250798024367370
81.240684856633763 16.234489829803611
81.229120423157426 16.218181635239851
81.217555989681074 16.201873440676099
81.205991556204737 16.185565246112340
81.198392947606649 16.168097272933334
81.200014104377161 16.148171923749857
81.195265390337681 16.140182659599443
81.199936198508496 16.128112485781930
81.191683473345407 16.109902986641632
81.183430748182303 16.091693487501331
81.175178023019214 16.073483988361033
81.166925297856125 16.055274489220736
81.158672572693035 16.037064990080435
81.150419847529932 16.018855490940140
81.149327073058245 15.999324391500956
81.151329335555403 15.979432577193291
81.138591494651635 15.973205248368963
81.133770926776322 15.975737479486840
81.132322607942726 15.958818960613430
81.116763623057764 15.946264625867713
81.101204638172803 15.933710291121995
81.085645653287827 15.921155956376280
81.070086668402865 15.908601621630565
81.056347187474586 15.894199210652939
81.043616578920805 15.878784122673673
81.030885970367024 15.863369034694403
81.018155361813243 15.847953946715137
81.005424753259462 15.832538858735868
81.002379882763009 15.817191686153457
80.997552545039170 15.815256135564917
80.999484835687895 15.799920983344959
81.005042070973033 15.780716544599089
81.020651416279435 15.769575235711661
81.027444000000003 15.778849650609995
81.029134007559634 15.776789915570305
81.025408364442413 15.762434819106009
81.006150625860244 15.767804440718292
80.986892887278074 15.773174062330579
80.996465021749486 15.766120128496645
81.011681739549246 15.756042895733021
80.993837619531519 15.747027314090589
80.976562799910724 15.739560607789150
80.969543027120608 15.753267261853420
80.958124073974432 15.739107939284672
80.963035251870735 15.741292024431962
80.968290000000010 15.739020000000002
80.960802101824967 15.727377285799026
80.945261631100294 15.714800040424398
80.930249905937686 15.721975791519823
80.916263503328764 15.736261234236766
80.902277100719829 15.750546676953704
80.905486135624983 15.742950618198638
80.916120690061973 15.726021365897234
80.914748588341993 15.713340935111765
80.894963576227795 15.710469240977787
80.875178564113597 15.707597546843807
80.855393551999384 15.704725852709830
80.835608539885186 15.701854158575852
80.832915378777045 15.717892057311291
80.834446781660688 15.737825650483773
80.828531462488556 15.748342810004262
80.811406747839385 15.744989740413754
80.809913105008789 15.790132775085420
80.808180849121314 15.810049918984545
80.806448593233853 15.829967062883672
80.799302323999697 15.847107715558506
80.783424560183050 15.859256375885504
80.766898964720042 15.870199432806347
80.747359398951190 15.874430118462762
80.727819833182352 15.878660804119175
80.708280267413514 15.882891489775590
80.688740701644676 15.887122175432005
80.669222308873827 15.887156391595648
80.650020518803842 15.881590011293662
80.630818728733871 15.876023630991678
80.611616938663886 15.870457250689697
80.592415148593901 15.864890870387711
80.573213358523915 15.859324490085728
80.554011568453930 15.853758109783746
80.534990061159050 15.849777248431556
80.526705183677564 15.849855174923102
80.512129246221761 15.838965847685628
80.494223918346165 15.830072447591968
80.476318590470584 15.821179047498307
80.458413262595002 15.812285647404646
80.440507934719406 15.803392247310986
80.422602606843824 15.794498847217325
80.404697278968243 15.785605447123665
80.386791951092647 15.776712047030003
80.369044986536437 15.767572431386473
80.354145049277918 15.754250074032933
80.339382863850147 15.740767818548250
80.324620678422377 15.727285563063568
80.309858492994621 15.713803307578877
80.295096307566851 15.700321052094193
80.280334122139081 15.686838796609511
80.265682968569209 15.673248631471358
80.258132530431084 15.654975098589500
80.251784338221853 15.636017414468474
80.245436146012608 15.617059730347446
80.239087953803377 15.598102046226417
80.232739761594132 15.579144362105392
80.226391569384887 15.560186677984365
80.220043377175656 15.541228993863335
80.227492582014193 15.537999445321649
80.222988235975549 15.523491056743531
80.212053371133521 15.507443150314154
80.193310210365112 15.502090073511175
80.203665803421828 15.494853460884755
80.212416628673253 15.496368418018159
80.207001460373746 15.477123437273917
80.198198928435602 15.459435873498679
80.186610189693795 15.443144941483224
80.175021450951988 15.426854009467759
80.163432712210181 15.410563077452306
80.151843973468388 15.394272145436846
80.140255234726567 15.377981213421389
80.128666495984774 15.361690281405929
80.117077757242967 15.345399349390476
80.107256604370704 15.328275395517904
80.100507946192494 15.309968750916676
80.093557270098216 15.291223579981457
80.086606594003953 15.272478409046236
80.084059736768580 15.253134137002990
80.086473949982079 15.233288107019185
80.088888163195563 15.213442077035385
80.085406541381531 15.194047743617102
80.073421484240754 15.185898074996546
80.076270302858333 15.182647593900850
80.075904738124237 15.165250802571302
80.070034218043205 15.146139802452621
80.064163697962172 15.127028802333937
80.058293177881140 15.107917802215253
80.052422657800093 15.088806802096569
80.048891018759505 15.069467655358904
80.052971840316943 15.049896241843921
80.057052661874380 15.030324828328936
80.061133483431817 15.010753414813953
80.065214304989254 14.991182001298972
80.069295126546677 14.971610587783987
80.073375948104115 14.952039174269006
80.077456769661552 14.932467760754022
80.081537591218989 14.912896347239036
80.085618412776427 14.893324933724056
80.089048279765549 14.873655140579125
80.090327845763312 14.853703798709077
80.091607411761061 14.833752456839031
80.092000344036407 14.814212915937757
80.086757182292018 14.810420072276241
80.099730660093655 14.801085965249905
80.107319958087700 14.782590130921186
80.114909256081759 14.764094296592461
80.122498554075804 14.745598462263741
80.128434944630527 14.729479240846549
80.140765261317242 14.714279511089471
80.147879974165548 14.695985728810752
80.154948013678919 14.677284494921100
80.162016053192289 14.658583261031445
80.169084092705660 14.639882027141789
80.176152132219030 14.621180793252140
80.183220171732401 14.602479559362488
80.173460399959396 14.588635447682115
80.156864623982472 14.577487642908004
80.140855104059142 14.566531130063206
80.160489097534352 14.570146007500995
80.180075288599241 14.574155303090965
80.195737614242589 14.572935321754100
80.193372946875101 14.553083327400904
80.191008279507628 14.533231333047709
80.188643612140154 14.513379338694516
80.186278944772681 14.493527344341320
80.183914277405194 14.473675349988127
80.181549610037720 14.453823355634935
80.179184942670247 14.433971361281735
80.176820275302774 14.414119366928544
80.174455607935286 14.394267372575351
80.172090940567813 14.374415378222155
80.169726273200340 14.354563383868960
80.166554500454140 14.334871181964584
80.160588003246190 14.315789928268201
80.154621506038254 14.296708674571819
80.148655008830318 14.277627420875437
80.142688511622367 14.258546167179055
80.134038165977756 14.253953475711569
80.115003703070613 14.253919365157813
80.114828253192329 14.248884250594354
80.133838511297270 14.242695275045726
80.134303929749336 14.224258475808924
80.131147339813026 14.204516913775180
80.128180403875533 14.184763480167366
80.130334304500607 14.164901306772604
80.132855247368539 14.145068551577861
80.135376190236485 14.125235796383112
80.137897133104431 14.105403041188369
80.140418075972363 14.085570285993624
80.135340041561122 14.069649573855637
80.138838048875783 14.068232698023269
80.145268033697846 14.053480550586663
80.147193766654880 14.033581181648518
80.150394860477590 14.013978389256948
80.158855417795408 13.995864518841433
80.167315975113212 13.977750648425912
80.175776532431016 13.959636778010401
80.184237089748834 13.941522907594887
80.192697647066652 13.923409037179368
80.201158204384456 13.905295166763857
80.209618761702274 13.887181296348345
80.218079319020077 13.869067425932821
80.226539876337881 13.850953555517307
80.235000433655699 13.832839685101792
80.243460990973503 13.814725814686277
80.244150129721859 13.811271237988842
80.252619751708750 13.793711323231271
80.254900437655607 13.774824769395122
80.248731341752404 13.755808050769257
80.242562245849200 13.736791332143392
80.237810851147714 13.717484022768023
80.237385491808553 13.697496216460410
80.236960132469392 13.677508410152793
80.236534773130231 13.657520603845182
80.238807105004554 13.638020179778502
80.246515972629055 13.619573860592659
80.254224840253556 13.601127541406818
80.261933707878072 13.582681222220984
80.269642575502573 13.564234903035141
80.277351443127074 13.545788583849300
80.285060310751589 13.527342264663460
80.292769178376091 13.508895945477615
80.300478046000592 13.490449626291776
80.308186913625107 13.472003307105936
80.310272433129114 13.452356613197924
80.310070476227267 13.432365301460877
80.315449922967957 13.413479828330441
80.323769164494124 13.395300621747440
80.332306011176769 13.378921589606700
80.330873084321425 13.398862503632524
80.329440157466081 13.418803417658349
80.328181444319526 13.437424371964161
80.330536968159024 13.417572614547463
80.332856698293597 13.397715319070468
80.335176428428156 13.377858023593467
80.337496158562729 13.358000728116469
80.339815888697288 13.338143432639473
80.342135618831861 13.318286137162477
80.344455348966434 13.298428841685482
80.344534061253796 13.278812656130297
80.337503569280102 13.260097274377147
80.330473077306408 13.241381892624002
80.320493661882693 13.238588856723613
80.312576007033599 13.236572358920617
80.310314672908120 13.216708328626360
80.312746463826386 13.206813541014844
80.326388242335426 13.221428437889898
80.325841150746442 13.211109862198542
80.319245483162348 13.192236852351723
80.312649815578254 13.173363842504896
80.306054147994175 13.154490832658073
80.299458480410095 13.135617822811248
80.294703969018684 13.116409800512978
80.295163874102229 13.096422759239390
80.302515612449852 13.089187674687139
80.286851991708062 13.076764135866993
80.276636493983048 13.061747360118851
80.277892307668353 13.041794509105880
80.279148121353671 13.021841658092905
80.265332136127853 13.011146866724159
80.276230105878483 13.000631567487957
80.273519596882011 12.980823829794362
80.270809087885539 12.961016092100772
80.268098578889052 12.941208354407182
80.265388069892566 12.921400616713591
80.262677560896094 12.901592879020001
80.259967051899622 12.881785141326411
80.257256542903121 12.861977403632819
80.254546033906649 12.842169665939231
80.251835524910177 12.822361928245641
80.248600000000010 12.814600000000000
80.241369975990139 12.823100196084523
80.237300000000005 12.833600000000001
80.231933246316032 12.827273651440068
80.230793340540245 12.807313843164927
80.231273702314013 12.787987545267194
80.245000000000005 12.791400000000001
80.254025424396588 12.781475407480512
80.249881125968258 12.762667287476582
80.242837369623089 12.743956893891514
80.235793613277906 12.725246500306456
80.228749856932723 12.706536106721398
80.221706100587539 12.687825713136329
80.214662344242356 12.669115319551269
80.207618587897173 12.650404925966207
80.200574831552004 12.631694532381141
80.193531075206806 12.612984138796081
80.186487318861623 12.594273745211023
80.179443562516454 12.575563351625958
80.172399806171271 12.556852958040899
80.165356049826087 12.538142564455837
80.158312293480904 12.519432170870770
80.155594756095709 12.499904012427995
80.155944404937955 12.479914738373013
80.154656649067434 12.460189224079942
80.143118978076330 12.443862084720605
80.130369912513473 12.435475331829183
80.127631062332327 12.420793219002997
80.115928725159520 12.404583695991750
80.104226387986728 12.388374172980498
80.092524050813921 12.372164649969253
80.080821713641114 12.355955126958007
80.069119376468308 12.339745603946756
80.057417039295515 12.323536080935510
80.045714702122723 12.307326557924259
80.034012364949916 12.291117034913011
80.022310027777110 12.274907511901761
80.008943005715054 12.260297791459660
80.005859977254744 12.249040140456996
79.995130741748980 12.232170735102336
79.984401506243216 12.215301329747673
79.973672270737453 12.198431924393015
79.962943035231689 12.181562519038355
79.952213799725925 12.164693113683690
79.941484564220147 12.147823708329033
79.930755328714383 12.130954302974374
79.920026093208619 12.114084897619708
79.909296857702856 12.097215492265050
79.898567622197092 12.080346086910390
79.887838386691328 12.063476681555727
79.877109151185550 12.046607276201067
79.869348698466979 12.028352152037444
79.863521935846606 12.009227765278020
79.857695173226233 11.990103378518597
79.851868410605860 11.970978991759175
79.846041647985487 11.951854604999749
79.840214885365114 11.932730218240328
79.834388122744741 11.913605831480904
79.825886540649620 11.913661657700066
79.821129829539942 11.900102668170852
79.824064839007136 11.882155395479630
79.819584002171297 11.877638265481925
79.820979089958641 11.860719443631023
79.816078071182574 11.841337148965147
79.811177052406507 11.821954854299269
79.806276033630454 11.802572559633393
79.801375014854401 11.783190264967518
79.796473996078333 11.763807970301638
79.791572977302266 11.744425675635762
79.786671958526213 11.725043380969884
79.780486488068902 11.706194112223107
79.778204382455201 11.696347418742100
79.774548722994155 11.676692152642069
79.770893063533123 11.657036886542041
79.767237404072091 11.637381620442003
79.763581744611045 11.617726354341972
79.759926085149999 11.598071088241941
79.756565767528784 11.578415714862587
79.761462283530165 11.559043366746179
79.766684220409971 11.539745058354477
79.771906157289777 11.520446749962767
79.772691469959724 11.501364290480144
79.768465980103230 11.487752014771253
79.782644088732170 11.496451234582539
79.789625663501710 11.477733894989882
79.796447674080440 11.458941516129777
79.803269684659185 11.440149137269675
79.810091695237915 11.421356758409571
79.816913705816660 11.402564379549473
79.823735716395390 11.383772000689365
79.830557726974135 11.364979621829265
79.815729193517456 11.368067495158657
79.797468739580495 11.376206853460999
79.779208285643520 11.384346211763335
79.763773701643700 11.378815438855916
79.782689115610538 11.372560145928054
79.801794809131607 11.366672378385310
79.820900502652663 11.360784610842561
79.837371504944258 11.352347237791980
79.839965270334346 11.332531837325186
79.842445013905333 11.312693888757353
79.844924757476306 11.292855940189513
79.847404501047293 11.273017991621680
79.849884244618266 11.253180043053845
79.852363988189239 11.233342094486007
79.854843731760226 11.213504145918169
79.856978405930306 11.193637748265967
79.856746794783987 11.173647983173929
79.856467837893021 11.153657597619592
79.856188881002069 11.133667212065253
79.855909924111117 11.113676826510913
79.855630967220151 11.093686440956578
79.855352010329185 11.073696055402241
79.855073053438247 11.053705669847899
79.854794096547280 11.033715284293564
79.854515139656314 11.013724898739227
79.854236182765362 10.993734513184885
79.853957225874396 10.973744127630548
79.853678268983444 10.953753742076213
79.853399312092492 10.933763356521872
79.853120355201526 10.913772970967534
79.852841398310559 10.893782585413197
79.852562441419622 10.873792199858858
79.852283484528655 10.853801814304520
79.849070850714895 10.835164861225691
79.833488080086170 10.822641509507987
79.842036588202205 10.822279157990975
79.850987440679631 10.811983394775453
79.851823184704045 10.792008538994150
79.852658928728431 10.772033683212848
79.853494672752845 10.752058827431551
79.854330416777231 10.732083971650246
79.855166160801616 10.712109115868945
79.856001904826030 10.692134260087645
79.856837648850416 10.672159404306345
79.857673392874801 10.652184548525041
79.858509136899215 10.632209692743741
79.859344880923601 10.612234836962440
79.860180624948015 10.592259981181138
79.861016368972400 10.572285125399837
79.861852112996786 10.552310269618538
79.862687857021200 10.532335413837233
79.863523601045586 10.512360558055935
79.864359345069971 10.492385702274634
79.865195089094385 10.472410846493329
79.866030833118771 10.452435990712029
79.866866577143185 10.432461134930730
79.867702321167570 10.412486279149427
79.868538065191956 10.392511423368125
79.869373809216370 10.372536567586826
79.870209553240755 10.352561711805521
79.871045297265141 10.332586856024221
79.871881041289555 10.312612000242922
79.871150720948748 10.296334584569435
79.858845898456991 10.280578252417515
79.839803088491394 10.277133567903252
79.819893636013518 10.275315042789520
79.799984183535628 10.273496517675788
79.804918855738535 10.281808182375286
79.803914089027558 10.297758369661015
79.786971012831728 10.306172260203514
79.767329349330964 10.309900314183917
79.747687685830201 10.313628368164325
79.728046022329437 10.317356422144732
79.708404358828673 10.321084476125135
79.688967601009139 10.325435086592934
79.673722286480810 10.338368520649320
79.664114193221110 10.342393511462596
79.663743852454445 10.325502183082152
79.648171262404205 10.333264960664229
79.636391490617697 10.349275238758363
79.631381498992582 10.343297416448079
79.618287052395431 10.329788088619585
79.600215106352920 10.321238346062376
79.582143160310395 10.312688603505165
79.562456699819393 10.314780803631185
79.566337757432677 10.329076752998075
79.586327950053459 10.328784296946649
79.600838977647797 10.340424606636690
79.591012168080809 10.347243273171296
79.571067269783867 10.348619631948088
79.551122371486926 10.349995990724878
79.544350552466810 10.334564632065234
79.534404722543968 10.326548329758493
79.515344599860953 10.332581989913532
79.496284477177952 10.338615650068565
79.477224354494936 10.344649310223600
79.466070583486839 10.346483062404275
79.482452709084669 10.335023599395260
79.480589593374148 10.328316040636276
79.463115989973744 10.326661143008694
79.481458647737057 10.320402191263909
79.501294149687396 10.317902952592613
79.521129651637736 10.315403713921318
79.508008658233450 10.315651418093561
79.488033157127262 10.316471593144694
79.468057656021074 10.317291768195828
79.448082154914886 10.318111943246961
79.428106653808698 10.318932118298095
79.408131152702495 10.319752293349227
79.390304194540207 10.315530294533737
79.379709739813464 10.298576576753307
79.362398338565512 10.289449521092802
79.344003660753444 10.281618227473695
79.325608982941390 10.273786933854588
79.307214305129335 10.265955640235479
79.290343532537250 10.255893438010279
79.277446420485077 10.240617383798806
79.274709140798066 10.222874652567691
79.272806387696889 10.206136656650623
79.257113619737339 10.193749955502780
79.242475720800883 10.180524776724448
79.236087253665445 10.161595370561860
79.231100791202124 10.142333867289564
79.230412775155429 10.122353377668993
79.229724759108734 10.102372888048428
79.238057836443332 10.084728442858854
79.249153126146950 10.068097511497349
79.260248415850583 10.051466580135854
79.262700302930696 10.034872141024062
79.248404403791852 10.020896426395813
79.234108504653008 10.006920711767579
79.219812605514164 9.992944997139341 
79.205516706375306 9.978969282511104 
79.191220807236462 9.964993567882864 
79.176924908097604 9.951017853254628 
79.162629008958760 9.937042138626383 
79.150169183027515 9.921522138761281 
79.139215019158272 9.904797916044403 
79.128260855289028 9.888073693327520 
79.117306691419770 9.871349470610641 
79.121731017106114 9.857394886321369 
79.112428420434156 9.842269853741737 
79.099085975818525 9.827381183443917 
79.085743531202908 9.812492513146104 
79.072401086587277 9.797603842848282 
79.059058641971646 9.782715172550470 
79.045716197356029 9.767826502252650 
79.032373752740398 9.752937831954835 
79.019031308124781 9.738049161657015 
79.005688863509150 9.723160491359206 
78.993765810102516 9.707316062104667 
78.986777792941751 9.688584779507927 
78.979789775781001 9.669853496911188 
78.972801758620250 9.651122214314441 
78.965813741459485 9.632390931717703 
78.954386696349147 9.616141823741447 
78.942042292647329 9.600415761653164 
78.930928013142818 9.584074942470593 
78.928463496218825 9.564235096506234 
78.925998979294832 9.544395250541879 
78.923534462370853 9.524555404577518 
78.921069945446874 9.504715558613158 
78.911724259484501 9.490133163501781 
78.903881641981783 9.478332209145638 
78.911608331441940 9.459893347967560 
78.919335020902082 9.441454486789475 
78.930666766737701 9.425275232796263 
78.943922904595198 9.410309667632820 
78.957179042452680 9.395344102469375 
78.970435180310190 9.380378537305932 
78.983691318167686 9.365412972142490 
78.996947456025183 9.350447406979043 
79.015860847322813 9.332467590296099 
79.031851900302811 9.320468442153466 
79.047842953282824 9.308469294010845 
79.064632446155869 9.298192467869352 
79.084433393695392 9.295432792508970 
79.104234341234928 9.292673117148587 
79.124035288774451 9.289913441788203 
79.143836236313987 9.287153766427819 
79.163637183853524 9.284394091067437 
79.183438131393046 9.281634415707053 
79.174616967856636 9.277438604970989 
79.155104477249765 9.273084751290064 
79.135591986642893 9.268730897609141 
79.116079496036036 9.264377043928217 
79.096567005429165 9.260023190247294 
79.076768838307004 9.260156059525080 
79.056875283913826 9.262140958808212 
79.036981729520662 9.264125858091346 
79.017088175127498 9.266110757374479 
78.997194620734319 9.268095656657613 
78.977301066341155 9.270080555940746 
78.957429306709301 9.270011695276189 
78.937639810681787 9.267171065322257 
78.921029447944377 9.257221298981088 
78.904335936557942 9.248329617706018 
78.884389421902483 9.249682349999450 
78.864442907247025 9.251035082292882 
78.845255833921286 9.245972062430690 
78.826327705998239 9.239536279270352 
78.807399578075191 9.233100496110014 
78.788471450152002 9.226664712949599 
78.783737525864979 9.225055123753460 
78.779003601578154 9.223445534557357 
78.774269677291343 9.221835945361251 
78.769535753004519 9.220226356165147 
78.764801828717694 9.218616766969042 
78.760067904430869 9.217007177772933 
78.755333980144044 9.215397588576828 
78.750600055857220 9.213787999380724 
78.745866131570409 9.212178410184619 
78.741132207283584 9.210568820988515 
78.736398282996760 9.208959231792408 
78.732292550336197 9.206155312662441 
78.729749853843074 9.201850023929099 
78.727207157349952 9.197544735195757 
78.724664460856829 9.193239446462417 
78.722095005987327 9.188952093610917 
78.718849732913810 9.185463832689701 
78.713859705076516 9.185780753368485 
78.708869677239221 9.186097674047268 
78.703879649401941 9.186414594726053 
78.698889621564646 9.186731515404837 
78.693899593727352 9.187048436083618 
78.688909565890057 9.187365356762403 
78.683919538052763 9.187682277441185 
78.678929510215482 9.187999198119970 
78.673939482378188 9.188316118798754 
78.668966066975813 9.188453819565922 
78.664289394131785 9.186882390051288 
78.660379798212759 9.183765360009165 
78.656470202293718 9.180648329967049 
78.652560606374692 9.177531299924928 
78.648808244553209 9.174259963149824 
78.647697681098379 9.170203747973041 
78.650364287192488 9.165974087410714 
78.653030893286584 9.161744426848388 
78.655697499380679 9.157514766286063 
78.657417451835443 9.153024968129655 
78.654099405249681 9.150397039733871 
78.649350034201078 9.148833616830027 
78.644600663152474 9.147270193926184 
78.639851292103870 9.145706771022342 
78.635101921055252 9.144143348118499 
78.630352550006648 9.142579925214655 
78.625603178958045 9.141016502310810 
78.620853807909441 9.139453079406968 
78.616104436860837 9.137889656503125 
78.611355065812234 9.136326233599283 
78.606605694763630 9.134762810695438 
78.601856323715026 9.133199387791596 
78.597106952666422 9.131635964887749 
78.592357581617819 9.130072541983909 
78.587608210569215 9.128509119080063 
78.582754893815078 9.127337705653632 
78.577786974151849 9.126917251671504 
78.572789910308202 9.126743558044407 
78.567792846464556 9.126569864417309 
78.562795782620910 9.126396170790212 
78.557798718777249 9.126222477163115 
78.552801654933603 9.126048783536019 
78.547804591089957 9.125875089908922 
78.542807527246310 9.125701396281825 
78.537810463402664 9.125527702654729 
78.532813399559018 9.125354009027632 
78.527816335715372 9.125180315400536 
78.522819271871725 9.125006621773437 
78.517822208028079 9.124832928146340 
78.512825144184433 9.124659234519244 
78.507828080340772 9.124485540892147 
78.502831016497126 9.124311847265052 
78.497833952653480 9.124138153637954 
78.492836888809833 9.123964460010857 
78.487839704394446 9.124030216125064 
78.487835428639968 9.127832957039516 
78.489211091530976 9.132640073445835 
78.490586754421983 9.137447189852152 
78.489489350605865 9.136390812230795 
78.487434657692845 9.131832407513489 
78.485379964779824 9.127274002796186 
78.481724057215359 9.124352387189123 
78.476920123122326 9.123036370105323 
78.472030165772750 9.121992754441889 
78.467140208423189 9.120949138778451 
78.462250251073613 9.119905523115017 
78.457360293724037 9.118861907451581 
78.452470336374475 9.117818291788145 
78.447580379024899 9.116774676124710 
78.442690421675337 9.115731060461274 
78.437800464325761 9.114687444797838 
78.432910506976185 9.113643829134402 
78.428020549626623 9.112600213470968 
78.423132169663830 9.111549245480669 
78.418790921582442 9.109236000400154 
78.414682661187101 9.106385910391465 
78.410574400791759 9.103535820382779 
78.406466140396404 9.100685730374092 
78.402357880001063 9.097835640365407 
78.398249619605721 9.094985550356720 
78.394141359210366 9.092135460348034 
78.390033098815024 9.089285370339351 
78.385924838419683 9.086435280330663 
78.381816578024328 9.083585190321976 
78.377708317628986 9.080735100313289 
78.373566385138474 9.077934442248075 
78.371455778244439 9.080658796120353 
78.370123863189519 9.085478217125006 
78.368791948134614 9.090297638129657 
78.367427425245552 9.088145197804103 
78.366270480501186 9.083281459521801 
78.365140565345527 9.078410719508764 
78.364010650189869 9.073539979495727 
78.362880735034224 9.068669239482690 
78.359615334335729 9.064980661652784 
78.355613583328335 9.061989095061101 
78.351578383528249 9.059036472649256 
78.347543183728163 9.056083850237403 
78.343507983928063 9.053131227825556 
78.339472784127977 9.050178605413706 
78.335437584327892 9.047225983001853 
78.331402384527806 9.044273360590008 
78.327367184727720 9.041320738178156 
78.323331984927634 9.038368115766309 
78.319296785127548 9.035415493354458 
78.315261585327463 9.032462870942606 
78.311226385527362 9.029510248530759 
78.307191185727277 9.026557626118906 
78.303155985927191 9.023605003707056 
78.299120786127105 9.020652381295209 
78.295085586327019 9.017699758883357 
78.291050386526933 9.014747136471504 
78.287015186726848 9.011794514059657 
78.282979986926762 9.008841891647807 
78.278944787126662 9.005889269235960 
78.274909587326576 9.002936646824107 
78.271306064878928 9.005149485449238 
78.269830247486894 9.009926804735086 
78.270633559064478 9.013005075686591 
78.266220587503753 9.012238827224140 
78.266561096704791 9.007250353507903 
78.266901605905829 9.002261879791666 
78.264625956052342 8.998310419828206 
78.260751793016539 8.995156657986675 
78.256786770772649 8.992110444740836 
78.252821748528774 8.989064231494993 
78.248856726284899 8.986018018249153 
78.244891704041009 8.982971805003317 
78.240926681797134 8.979925591757473 
78.236961659553259 8.976879378511633 
78.232996637309384 8.973833165265795 
78.229031615065509 8.970786952019951 
78.225066592821619 8.967740738774113 
78.221101570577744 8.964694525528275 
78.217136548333869 8.961648312282431 
78.213171526089994 8.958602099036591 
78.209206503846104 8.955555885790753 
78.205874537262588 8.951875093029294 
78.203422752902512 8.947539901430906 
78.201203949104212 8.943059083844995 
78.198985145305898 8.938578266259084 
78.196766341507598 8.934097448673173 
78.194547537709298 8.929616631087262 
78.192328733910983 8.925135813501351 
78.190109930112683 8.920654995915440 
78.187891126314369 8.916174178329529 
78.185672322516069 8.911693360743618 
78.183453518717769 8.907212543157707 
78.181234714919455 8.902731725571796 
78.179015911121155 8.898250907985885 
78.176797107322841 8.893770090399977 
78.174578303524527 8.889289272814068 
78.172519476263489 8.884734052852394 
78.171706736637177 8.879856672720930 
78.171332677954950 8.874870602461114 
78.170958619272710 8.869884532201295 
78.170584560590470 8.864898461941479 
78.170210501908244 8.859912391681663 
78.169836443226018 8.854926321421845 
78.169462384543777 8.849940251162028 
78.169088325861537 8.844954180902212 
78.168714267179311 8.839968110642396 
78.168340208497085 8.834982040382577 
78.167966149814845 8.829995970122761 
78.167592091132605 8.825009899862945 
78.167218032450378 8.820023829603127 
78.166843973768138 8.815037759343310 
78.166469915085898 8.810051689083494 
78.166095856403672 8.805065618823678 
78.165721797721432 8.800079548563859 
78.165347739039206 8.795093478304043 
78.164973680356965 8.790107408044227 
78.164599621674725 8.785121337784410 
78.164225562992499 8.780135267524592 
78.163851504310273 8.775149197264776 
78.163477445628033 8.770163127004960 
78.160769999999999 8.765490000000002 
78.158250000000010 8.763290000000001 
78.154150000000001 8.761710000000001 
78.151630000000011 8.760770000000001 
78.149135418237435 8.759050316555950 
78.144165419508539 8.759597974449481 
78.139195420779643 8.760145632343015 
78.134225422050747 8.760693290236548 
78.129255423321851 8.761240948130078 
78.128955697209420 8.760422738644918 
78.133676748597935 8.758775774674284 
78.138397799986450 8.757128810703648 
78.143118851374965 8.755481846733012 
78.147839902763494 8.753834882762375 
78.152560954152008 8.752187918791741 
78.157282005540523 8.750540954821107 
78.160839498887029 8.751831916651719 
78.162985114418873 8.756344993392927 
78.164988526111458 8.760926167710023 
78.166991937804028 8.765507342027119 
78.170099597434387 8.769200389609784 
78.174717265276428 8.768702687535818 
78.179496738255850 8.767233859917409 
78.184276211235257 8.765765032298999 
78.189055684214679 8.764296204680589 
78.192388682650744 8.767134656339451 
78.194661406187635 8.771580747087048 
78.196857511666963 8.776072732979415 
78.199053617146305 8.780564718871784 
78.201112770842443 8.783806970895189 
78.200656889324591 8.778827715069740 
78.200201007806740 8.773848459244292 
78.199745126288903 8.768869203418841 
78.199289244771052 8.763889947593391 
78.198424629011228 8.759123383217965 
78.194475673311217 8.756091395941803 
78.190029993646348 8.753803001559078 
78.185584313981465 8.751514607176347 
78.181138634316596 8.749226212793619 
78.176692954651728 8.746937818410890 
78.172300156526148 8.744558214319483 
78.168468580484543 8.741481162557628 
78.165833189520427 8.737231982519097 
78.163197798556311 8.732982802480571 
78.160562407592181 8.728733622442045 
78.157927016628065 8.724484442403515 
78.155291625663949 8.720235262364986 
78.152656234699833 8.715986082326456 
78.150020843735717 8.711736902287928 
78.147385452771601 8.707487722249404 
78.144750061807471 8.703238542210874 
78.142114670843355 8.698989362172345 
78.139479279879239 8.694740182133817 
78.137171075798236 8.690351966571422 
78.136005129538290 8.685491110181989 
78.135039998383135 8.680585058980979 
78.134074867227980 8.675679007779969 
78.133109736072811 8.670772956578960 
78.132144604917656 8.665866905377950 
78.131179473762501 8.660960854176940 
78.130214342607346 8.656054802975930 
78.129249211452191 8.651148751774921 
78.128284080297036 8.646242700573911 
78.126638609946056 8.641732484932820 
78.126761122677024 8.637435618068139 
78.129382167433945 8.634115332004509 
78.130307573416630 8.629201632756407 
78.131232979399314 8.624287933508306 
78.132158385381999 8.619374234260203 
78.133083791364683 8.614460535012102 
78.134009197347353 8.609546835763998 
78.134934603330038 8.604633136515895 
78.135860009312722 8.599719437267792 
78.134042784719227 8.595823836850732 
78.130104495319912 8.592743435310409 
78.126143703942773 8.589691722971361 
78.122182912565620 8.586640010632317 
78.118222121188467 8.583588298293273 
78.118949843042500 8.582115219145358 
78.123736749055155 8.583559638530295 
78.128523655067809 8.585004057915230 
78.133310561080464 8.586448477300166 
78.138160814357789 8.587033382943535 
78.138179115259405 8.583040680801009 
78.136920170297998 8.578201685645224 
78.135661225336591 8.573362690489438 
78.134402280375170 8.568523695333653 
78.133143335413749 8.563684700177868 
78.131884390452342 8.558845705022083 
78.130625445490921 8.554006709866298 
78.129366500529500 8.549167714710514 
78.128107555568093 8.544328719554727 
78.126848610606686 8.539489724398941 
78.125589665645265 8.534650729243158 
78.124330720683844 8.529811734087373 
78.124448153643399 8.524862741646357 
78.125454357239249 8.519971586096984 
78.126579593531062 8.515099763047942 
78.127704829822861 8.510227939998899 
78.128830066114674 8.505356116949859 
78.129955302406486 8.500484293900817 
78.130893250892527 8.495573807192738 
78.128336988482673 8.491571973704266 
78.125117398298528 8.487746394587354 
78.121897808114383 8.483920815470443 
78.118678217930238 8.480095236353533 
78.115458627746108 8.476269657236616 
78.112239037561963 8.472444078119704 
78.109019447377818 8.468618499002792 
78.105799857193674 8.464792919885882 
78.102580267009529 8.460967340768965 
78.099360676825384 8.457141761652053 
78.096141086641239 8.453316182535144 
78.092921496457095 8.449490603418234 
78.089701906272964 8.445665024301317 
78.086482316088819 8.441839445184405 
78.083262725904675 8.438013866067495 
78.080043135720530 8.434188286950583 
78.076823545536385 8.430362707833666 
78.073603955352240 8.426537128716754 
78.070384365168096 8.422711549599844 
78.068667341132908 8.418075631272169 
78.067430058381447 8.413231772529693 
78.066226871013029 8.408378613075270 
78.065023683644611 8.403525453620846 
78.063820496276207 8.398672294166419 
78.062617308907789 8.393819134711995 
78.061414121539372 8.388965975257571 
78.058775767875872 8.384785627735733 
78.053798803957207 8.384305370840076 
78.048821840038528 8.383825113944420 
78.043908853082399 8.383336851229505 
78.048615527688284 8.381649327611475 
78.053343585569593 8.380022586942339 
78.058071643450887 8.378395846273198 
78.062799701332196 8.376769105604060 
78.067454685215864 8.375021994382049 
78.066200612773017 8.372594044085526 
78.061502247074102 8.370883437090072 
78.056803881375203 8.369172830094616 
78.052105515676288 8.367462223099162 
78.047407149977374 8.365751616103708 
78.042708784278474 8.364041009108254 
78.038010418579560 8.362330402112798 
78.033312052880646 8.360619795117344 
78.028613687181746 8.358909188121890 
78.023915321482832 8.357198581126434 
78.019216955783918 8.355487974130980 
78.014518590085018 8.353777367135526 
78.009820224386104 8.352066760140071 
78.005436965117113 8.349733547296927 
78.001310304830753 8.346910615971934 
77.997207424439083 8.344052786546419 
77.993104544047441 8.341194957120901 
77.989001663655785 8.338337127695384 
77.984898783264128 8.335479298269869 
77.980795902872458 8.332621468844355 
77.976693022480802 8.329763639418836 
77.972590142089160 8.326905809993319 
77.968487261697490 8.324047980567803 
77.964384381305834 8.321190151142289 
77.960281500914178 8.318332321716772 
77.956178620522522 8.315474492291253 
77.952075740130866 8.312616662865739 
77.947972859739210 8.309758833440220 
77.943869979347554 8.306901004014703 
77.939767098955897 8.304043174589189 
77.935664218564241 8.301185345163674 
77.931561338172585 8.298327515738157 
77.927458457780929 8.295469686312638 
77.923355577389273 8.292611856887124 
77.919252696997617 8.289754027461610 
77.915149816605961 8.286896198036091 
77.911046936214305 8.284038368610574 
77.906944055822649 8.281180539185058 
77.902841175430993 8.278322709759545 
77.898738295039337 8.275464880334026 
77.894440259887915 8.272929481355797 
77.889851515283652 8.270968371019787 
77.885158487935115 8.269243172237205 
77.880465460586578 8.267517973454623 
77.875772433238026 8.265792774672041 
77.871079405889489 8.264067575889458 
77.866386378540952 8.262342377106876 
77.861693351192400 8.260617178324294 
77.857000323843863 8.258891979541710 
77.852307296495326 8.257166780759128 
77.847614269146789 8.255441581976545 
77.842921241798237 8.253716383193963 
77.838228214449700 8.251991184411381 
77.833535187101162 8.250265985628799 
77.828842159752611 8.248540786846217 
77.824149132404074 8.246815588063633 
77.819456105055536 8.245090389281051 
77.814763077706985 8.243365190498469 
77.810070050358448 8.241639991715887 
77.806116546583667 8.238787162647746 
77.803198722114715 8.234757899413152 
77.800576555369673 8.230500545998792 
77.797954388624632 8.226243192584434 
77.795332221879576 8.221985839170076 
77.792710055134535 8.217728485755718 
77.790087888389479 8.213471132341363 
77.787465721644438 8.209213778927003 
77.784843554899382 8.204956425512645 
77.782221388154341 8.200699072098285 
77.779585580428360 8.196450167330152 
77.775894687682168 8.193262799875880 
77.771627197984813 8.190657162100505 
77.767359708287444 8.188051524325127 
77.763092218590074 8.185445886549751 
77.758824728892705 8.182840248774378 
77.754557239195350 8.180234610999001 
77.750289749497981 8.177628973223623 
77.745783915468735 8.175497495038092 
77.740989204647221 8.174131257808766 
77.736112596184626 8.173026945155540 
77.731235987722016 8.171922632502316 
77.726359379259421 8.170818319849090 
77.721482770796825 8.169714007195866 
77.716606162334216 8.168609694542642 
77.711729553871621 8.167505381889418 
77.706852945409011 8.166401069236194 
77.701976336946416 8.165296756582968 
77.697099728483821 8.164192443929744 
77.692223120021211 8.163088131276519 
77.687346511558616 8.161983818623293 
77.682469903096006 8.160879505970069 
77.677593294633411 8.159775193316843 
77.672716686170816 8.158670880663618 
77.667840077708206 8.157566568010394 
77.662963469245611 8.156462255357168 
77.658086860783001 8.155357942703942 
77.653210252320406 8.154253630050718 
77.648333643857811 8.153149317397492 
77.643457035395201 8.152045004744268 
77.638580426932606 8.150940692091046 
77.633703818469996 8.149836379437822 
77.628827210007401 8.148732066784596 
77.623950601544792 8.147627754131372 
77.619073993082196 8.146523441478147 
77.614197384619601 8.145419128824921 
77.609320776156991 8.144314816171697 
77.604444167694396 8.143210503518471 
77.599567559231787 8.142106190865247 
77.594690950769191 8.141001878212022 
77.589826514597803 8.139845762437643 
77.585724687130295 8.137231144545691 
77.582009353907878 8.133884935409975 
77.578294020685448 8.130538726274262 
77.574578687463031 8.127192517138544 
77.570863354240615 8.123846308002827 
77.567148021018184 8.120500098867117 
77.563832448870940 8.116778019080577 
77.563536596618889 8.112109526315914 
77.564274227030396 8.107164152931670 
77.565011857441917 8.102218779547425 
77.565749487853424 8.097273406163179 
77.566487118264931 8.092328032778935 
77.565177929058194 8.087667706979861 
77.560883545086753 8.085271098376188 
77.556400448231400 8.083056903461758 
77.551917351376048 8.080842708547324 
77.547434254520695 8.078628513632895 
77.542951157665343 8.076414318718467 
77.538468060809976 8.074200123804037 
77.533547250035610 8.074625537806476 
77.528662731252695 8.075689799754077 
77.523782180079024 8.076776554912701 
77.518901628905354 8.077863310071329 
77.514021077731698 8.078950065229957 
77.509140526558028 8.080036820388582 
77.504259975384358 8.081123575547210 
77.499379424210687 8.082210330705834 
77.494498873037017 8.083297085864462 
77.489618321863361 8.084383841023090 
77.484737770689691 8.085470596181715 
77.479857219516020 8.086557351340343 
77.474976668342350 8.087644106498971 
77.470096117168694 8.088730861657595 
77.465215565995024 8.089817616816223 
77.460335014821354 8.090904371974848 
77.455454463647683 8.091991127133476 
77.450573912474013 8.093077882292100 
77.445693361300357 8.094164637450728 
77.440812810126687 8.095251392609356 
77.435932258953017 8.096338147767980 
77.431051707779346 8.097424902926608 
77.426171156605676 8.098511658085233 
77.421290605432020 8.099598413243861 
77.416410054258350 8.100685168402489 
77.411529503084680 8.101771923561113 
77.406648951911009 8.102858678719741 
77.401768400737353 8.103945433878369 
77.396887849563683 8.105032189036994 
77.392007298390013 8.106118944195622 
77.387126747216342 8.107205699354248 
77.382246196042672 8.108292454512874 
77.377365644869016 8.109379209671502 
77.372485093695346 8.110465964830128 
77.367604542521676 8.111552719988755 
77.362723991348005 8.112639475147381 
77.357843440174335 8.113726230306007 
77.352962889000679 8.114812985464633 
77.348082337827009 8.115899740623261 
77.343201786653339 8.116986495781887 
77.338321235479668 8.118073250940514 
77.333440684306012 8.119160006099140 
77.328560133132342 8.120246761257766 
77.323679581958672 8.121333516416392 
77.318799030785001 8.122420271575022 
77.314598165284110 8.125101539328288 
77.311136737368898 8.128707870663916 
77.307683363955505 8.132323811565154 
77.304229990542098 8.135939752466387 
77.300776617128705 8.139555693367624 
77.297323243715311 8.143171634268864 
77.293869870301918 8.146787575170102 
77.290416496888525 8.150403516071339 
77.286963123475132 8.154019456972581 
77.283509750061739 8.157635397873817 
77.279394204098423 8.160472826858525 
77.275049545785251 8.162947553837666 
77.270704268084728 8.165421291543817 
77.266358990384191 8.167895029249975 
77.262013712683668 8.170368766956132 
77.257668434983131 8.172842504662283 
77.253323157282594 8.175316242368439 
77.248977879582071 8.177789980074591 
77.244632601881534 8.180263717780747 
77.240287324180997 8.182737455486898 
77.235942046480474 8.185211193193055 
77.231596768779937 8.187684930899206 
77.227251491079414 8.190158668605363 
77.222906213378877 8.192632406311514 
77.218560935678340 8.195106144017670 
77.214215657977817 8.197579881723820 
77.209870380277280 8.200053619429980 
77.205525102576757 8.202527357136134 
77.201179824876220 8.205001094842286 
77.196834547175683 8.207474832548444 
77.192489269475161 8.209948570254595 
77.188143991774623 8.212422307960750 
77.184550066889400 8.215890713856673 
77.181963480252875 8.220169777551615 
77.179376893616350 8.224448841246550 
77.176790306979839 8.228727904941499 
77.174203720343328 8.233006968636438 
77.171617133706803 8.237286032331380 
77.169030547070278 8.241565096026321 
77.166438788790771 8.245840882991457 
77.164385830243035 8.248160899164411 
77.165131929540379 8.243216796377041 
77.164856460447481 8.239793280313890 
77.160657368465195 8.242498601588132 
77.156615169521359 8.245441634756835 
77.152572970577538 8.248384667925540 
77.148530771633702 8.251327701094247 
77.144488572689880 8.254270734262951 
77.140446373746045 8.257213767431653 
77.136404174802223 8.260156800600356 
77.132361975858387 8.263099833769061 
77.128319776914566 8.266042866937768 
77.124277577970730 8.268985900106472 
77.120235379026909 8.271928933275175 
77.116193180083073 8.274871966443877 
77.112150981139251 8.277814999612584 
77.108108782195416 8.280758032781291 
77.104066583251594 8.283701065949995 
77.100024384307758 8.286644099118696 
77.095982185363937 8.289587132287402 
77.091939986420101 8.292530165456109 
77.083855588532444 8.298416231793514 
75.891407525388203 6.841748292522328 
75.968205397228289 6.777813182598920 
76.109889285452141 6.664204166512894 
76.337087811323499 6.530992620601216 
76.506919853541405 6.462530183103689 
76.600290714750656 6.426928305665534 
76.693661575959894 6.391326428227377 
76.787032437169159 6.355724550789212 
76.880403298378383 6.320122673351062 
76.973774159587634 6.284520795912901 
77.067145020796886 6.248918918474743 
77.160515882006123 6.213317041036585 
77.607108247612757 6.112100901930429 
78.066600925406831 6.215296307433577 
78.172370480414500 6.258248239090102 
78.264922250648283 6.295928223520493 
78.357474020882037 6.333608207950878 
78.450025791115777 6.371288192381249 
78.542577561349560 6.408968176811634 
78.635129331583329 6.446648161242019 
78.727681101817112 6.484328145672411 
78.860737550656125 6.539550349632966 
79.160861848461863 6.716829016411722 
79.370025545463363 6.940771523248689 
79.432968867081186 7.018384342188559 
79.495912188699023 7.095997161128438 
79.558855510316846 7.173609980068312 
79.621798831934655 7.251222799008174 
79.684742153552477 7.328835617948042 
79.747685475170300 7.406448436887914 
79.810628796788123 7.484061255827786 
79.816726723965530 7.493811884308733 
79.847909244111833 7.515971086472455 
79.928044584121338 7.575669819136031 
80.008179924130872 7.635368551799615 
80.088315264140363 7.695067284463189 
80.168450604149882 7.754766017126766 
80.248585944159402 7.814464749790349 
80.328721284168878 7.874163482453898 
80.444216897131156 7.961459128149437 
80.635357945907572 8.140563912979411 
80.764973367356674 8.316099670096550 
80.821720061210556 8.398351868466763 
80.878466755064409 8.480604066836964 
80.935213448918290 8.562856265207174 
80.991960142772157 8.645108463577383 
81.048706836626039 8.727360661947593 
81.105453530479906 8.809612860317802 
81.163375548587155 8.893572429948531 
81.239184367029594 9.005402764477360 
81.307319778104699 9.119676278584882 
81.358141113025582 9.205715823661182 
81.408962447946479 9.291755368737482 
81.459783782867390 9.377794913813830 
81.510605117788245 9.463834458890077 
81.561426452709142 9.549874003966378 
81.612247787630025 9.635913549042678 
81.663069122550922 9.721953094118973 
81.803946999621374 10.007601612081071
81.861922172180655 10.402388102461078
81.851716034235380 10.586687420714638
81.844252993673351 10.686336376683315
81.836789953111321 10.785985332651922
81.829326912549305 10.885634288620597
81.821863871987276 10.985283244589343
81.814400831425246 11.084932200558020
81.806937790863216 11.184581156526697
81.803095431609691 11.235885592686122
81.806467619462722 11.248327142318544
81.831919889735858 11.344959400586719
81.857372160009021 11.441591658854959
81.882824430282184 11.538223917123268
81.908276700555319 11.634856175391439
81.933728970828483 11.731488433659681
81.959181241101646 11.828120691927992
81.984401161164911 11.923872435787141
82.003781649595069 11.997897128219803
82.027228435663574 12.071696420344212
82.057174833331928 12.167031747829709
82.087121231000282 12.262367075315206
82.117067628668636 12.357702402800696
82.147014026336990 12.453037730286191
82.176960424005344 12.548373057771686
82.206906821673684 12.643708385257115
82.236853219342052 12.739043712742610
82.275619530858819 12.864056833397942
82.334951859284260 13.174869905123877
82.314558950212103 13.460855275746484
82.301381659280594 13.559910666330662
82.288204368349071 13.658966056914840
82.275027077417562 13.758021447499015
82.261849786486025 13.857076838083263
82.248672495554516 13.956132228667371
82.236154349894278 14.050232739478727
82.253649831871613 14.089959492348411
82.293925006856483 14.181411784173248
82.334200181841382 14.272864075998143
82.343539041416548 14.294069697364151
82.343878121355147 14.294348768563871
82.421034692153015 14.357850540057273
82.498191262950840 14.421352311550645
82.575347833748680 14.484854083044018
82.652504404546505 14.548355854537391
82.729660975344316 14.611857626030735
82.806817546142184 14.675359397524137
82.812938293336316 14.685507943696189
82.822225528877567 14.686193789191533
82.907303424502587 14.733277661249527
82.994733561041073 14.781667563346339
83.082163697579560 14.830057465443156
83.169593834118047 14.878447367539966
83.257023970656533 14.926837269636778
83.344454107195020 14.975227171733595
83.431884243733506 15.023617073830405
83.563507800853515 15.097967959253570
83.820672698285847 15.293847892040715
83.990631132383825 15.508697598397356
84.048188448078690 15.590384603545532
84.105745763773541 15.672071608693669
84.163303079468463 15.753758613841896
84.220860395163314 15.835445618990063
84.278417710858164 15.917132624138199
84.335975026553086 15.998819629286427
84.359141706396215 16.031698450558153
84.365639854395795 16.036179082770278
84.447606562090655 16.093337373767607
84.529573269785544 16.150495664764950
84.611539977480462 16.207653955762321
84.693506685175365 16.264812246759682
84.775473392870225 16.321970537757011
84.857440100565114 16.379128828754354
84.939406808260046 16.436287119751736
85.075871404510394 16.534275334634120
85.205644773713900 16.650877058043502
85.282967513925755 16.724083005719983
85.355518787220461 16.792799263937322
85.428070060515225 16.861515522154697
85.500621333809931 16.930231780372054
85.573172607104624 16.998948038589365
85.645723880399345 17.067664296806711
85.718275153694094 17.136380555024093
85.790742205100400 17.205017052535695
85.861661222646504 17.272159307524905
85.932956260471769 17.339071838034982
86.005818401200784 17.407458385311962
86.078680541929771 17.475844932588927
86.151542682658814 17.544231479865928
86.224404823387800 17.612618027142901
86.297266964116758 17.681004574419838
86.370129104845759 17.749391121696810
86.434756208256189 17.810048472943034
86.485187071325470 17.831441326790106
86.577180345764376 17.870465022900191
86.669173620203253 17.909488719010273
86.761166894642102 17.948512415120341
86.853160169080965 17.987536111230408
86.945153443519843 18.026559807340483
87.037146717958720 18.065583503450558
87.193332029944330 18.134562957409749
87.426058871436354 18.278430244906275
87.578977375210087 18.413977812560351
87.651959320951732 18.482236489633962
87.724941266693378 18.550495166707581
87.797923212434995 18.618753843781182
87.870905158176640 18.687012520854793
87.943887103918328 18.755271197928444
88.016869049659974 18.823529875002077
88.089850995401619 18.891788552075699
88.209587568410299 19.006766833481631
88.349304752240101 19.176104029842929
88.434784964201825 19.304440143124335
88.489383245861873 19.388133864751818
88.543981527521879 19.471827586379245
88.598579809181871 19.555521308006639
88.653178090841891 19.639215029634077
88.682199019316911 19.683701219223014
88.687294508132055 19.685183698853329
88.783244147643344 19.713099251467025
88.879193787154648 19.741014804080727
88.975143426665952 19.768930356694430
89.064931040327622 19.795074538190661
89.061976618307725 19.798948225890260
89.067044095032671 19.794795529892237
89.166655726550999 19.802741237307593
89.266267358069371 19.810686944722953
89.365878989587713 19.818632652138312
89.465490621106056 19.826578359553665
89.565102252624413 19.834524066969021
89.664713884142756 19.842469774384380
89.764325515661113 19.850415481799740
90.067604786964964 19.896128707778903
90.369437844368477 20.034950233382546
90.477722730202913 20.100634750728215
90.563014461031912 20.152701362412323
90.648306191860954 20.204767974096448
90.733597922690009 20.256834585780592
90.818889653519008 20.308901197464699
90.904181384348050 20.360967809148825
90.989473115177105 20.413034420832968
91.136447838901802 20.505962558054843
91.464863043103534 20.833983932939780
91.615640614479673 21.199384188143700
91.643271693383980 21.295416135320917
91.670902772288315 21.391448082498201
91.698533851192650 21.487480029675552
91.726164930096971 21.583511976852837
91.779628049872272 21.794373122798756
91.794656080976935 21.975638648902418
90.076429298798999 22.028068017751998
90.015964154695638 22.010796623888950
89.968981177385444 21.967570946237469
89.938143932269028 21.986214283823504
89.909449175896285 22.050026729124834
89.908844956135525 22.119789133271595
89.907133096746136 22.127293714312799
89.875784531072725 22.153935339145832
89.859011584187556 22.096961999468757
89.841482070717888 22.044246833558912
89.862734611148326 21.983056679907211
89.867815077666677 21.919722005612108
89.835059202183359 21.865304458402729
89.783269015583983 21.828867112136049
89.731857058534942 21.855828027359610
89.682880063955849 21.860771792423755
89.649429411189217 21.913735681510893
89.601932319346432 21.951507359367685
89.556529636318999 21.979585171946574
89.495556800640259 21.985854917035294
89.504105348355623 21.926921026580189
89.458139555158866 21.872244548790782
89.461239634968663 21.814846365575423
89.455378152253772 21.757907380180157
89.406806741184383 21.728420006711097
89.380060147585425 21.763724336679630
89.356370960178936 21.811010922028622
89.376093871232712 21.863154985776035
89.374665397371501 21.918102451107249
89.360348764283074 21.899771647428718
89.326640955938259 21.857442926796281
89.287174661472122 21.820354569273562
89.274266369689698 21.772338365777085
89.236523760217082 21.759276229807707
89.203638757014758 21.786086427801752
89.187516350956912 21.819305269572080
89.145595275631948 21.802802928160624
89.101125819798227 21.824493909228110
89.092634976604018 21.875641611679104
89.094116961105428 21.926870344259221
89.093055586545333 21.977764248706713
89.083819949340878 22.027106106752658
89.053172618167096 22.046216803518895
89.060286803062525 22.006807492437709
89.070089686151746 21.965006915077371
89.042831675822939 21.931796735685040
89.013912814457200 21.964237438846826
89.016949421331461 21.915474945655905
89.015674269573793 21.867027448087530
89.021210982916955 21.819127357029881
89.024202612563954 21.771321215416350
89.053054644288508 21.733678464420336
89.075659693829721 21.692568758257494
89.084895922668807 21.650519617191911
89.057445220570997 21.612823174849648
89.019314863324951 21.609318002829365
88.984400285955246 21.609863243472535
88.945251628108053 21.631142044672977
88.907038304560274 21.654470820475872
88.883406815522093 21.685221443200810
88.879771115050758 21.729421060725706
88.854714209732080 21.765901182963219
88.854308154619829 21.740432889081116
88.854672996025286 21.696834735510006
88.851803878854071 21.653611635214446
88.841820898471795 21.629382235290731
88.814043265796840 21.657826423385927
88.772117838156234 21.662304347309213
88.732037369915147 21.675699606071944
88.712080750443761 21.710144731665178
88.705156828303927 21.749355014572078
88.715724880225110 21.789416155643043
88.703823812005538 21.827605464576838
88.706283111419651 21.866788934923481
88.717488662004314 21.905810137046540
88.731820061955574 21.943096103566344
88.755584189041258 21.974901812401576
88.762260774267972 22.014162076493381
88.748340660006107 22.049793414940481
88.717600665984534 22.064447380268302
88.696238789485534 22.058135302901345
88.725218124350008 22.032354978805220
88.709397292602958 22.017253356400474
88.679355035419192 22.026557817968538
88.657196039728987 22.056972160022639
88.628062521185115 22.033078388242537
88.608830506319322 22.003116220181081
88.606921473244128 21.965883251872992
88.585387802556369 21.967628223837021
88.601809184993172 21.935689597377195
88.586183542330417 21.912102923122884
88.571526298294216 21.883371461140289
88.569751310899804 21.847342793367066
88.537278792332117 21.844084525108553
88.520997713933511 21.875732133879115
88.512944579124664 21.908910035563267
88.515761269460938 21.943930012425220
88.502247654652052 21.919671392460479
88.487033558554529 21.888515108420012
88.478219844867880 21.855466926820881
88.473297969198171 21.821736678238910
88.474446882712215 21.787762830472584
88.467366643542164 21.754814985547380
88.462311284053897 21.722037219769344
88.467244987600381 21.689077215230778
88.464939194660388 21.656845103426338
88.455527521705008 21.625329997366972
88.435806241694735 21.635285564829310
88.427406321934654 21.664020034817970
88.428396690376161 21.696250825019437
88.415258531262054 21.673536634959330
88.422634245879010 21.642681793975676
88.420892867629519 21.617846158247403
88.391980482546316 21.614045402954428
88.385923567909657 21.644651699820521
88.383372653446131 21.674916408589656
88.391773076929368 21.704539324079718
88.388507727823310 21.710961518324137
88.361493323190686 21.697046820374823
88.335061736542684 21.703145257212814
88.307840635939755 21.715111064058448
88.286164868695323 21.716856939549313
88.300431035493403 21.690926061817198
88.301359831556468 21.662935027572072
88.296440279842201 21.634143999067160
88.299996588307295 21.605614351167873
88.302252443056318 21.578841776113734
88.276477910262955 21.566364012546963
88.253299976713521 21.568381799315386
88.233298972118163 21.588347475889289
88.227961208880089 21.612791832224442
88.232732018920828 21.640271117263655
88.221807908958183 21.664114288067953
88.206126675848523 21.686735417593642
88.213402908009769 21.713082131168662
88.219230209787852 21.739276931535510
88.212647715300278 21.765447319736673
88.205587884976623 21.791258993485926
88.194193368913616 21.815330163505958
88.183187922650092 21.839353313602672
88.177124280530208 21.864927128301439
88.171258684441142 21.890359395644225
88.168663947248660 21.916167679754395
88.166509394880109 21.941747176974026
88.175952579524292 21.965540185847811
88.185697236725318 21.989012125815076
88.197198445958406 22.011505240249004
88.208360076680265 22.033951052263461
88.214658831455907 22.058074174142320
88.220916176008132 22.082038702155906
88.216898714241339 22.106156412285959
88.212169665632899 22.130137972604427
88.202410641380368 22.152165323878645
88.191110944788491 22.173478186451550
88.173257024841007 22.186983428280566
88.150832092462906 22.194976606303754
88.128177007591319 22.201544084245207
88.105124137704749 22.206080104089960
88.082217686239488 22.210559672089683
88.059434911697977 22.214870305572532
88.036801919108171 22.219152599438754
88.044796038790807 22.203356703905527
88.065732833723843 22.194500922742208
88.086531982822649 22.185703362590736
88.108531985402294 22.181474506134528
88.130473460274999 22.177563839938859
88.146501647843834 22.164272955356616
88.159757321475809 22.146720903917608
88.170231540620875 22.128019169839177
88.175204078988003 22.106889479447329
88.174279156030167 22.087622062584526
88.158870840271064 22.072739040466779
88.143563824184781 22.057953864557184
88.125821525651375 22.046556021196110
88.107864373906637 22.035663200044869
88.089212313556473 22.026561306168528
88.069658428900141 22.019685826684665
88.050244094767365 22.012843999938418
88.042521368000891 21.993902010108965
88.034849413149217 21.975084551565228
88.027716506662003 21.956205153830808
88.021045599002662 21.937292153232207
88.014418548229997 21.918503493334001
88.004472724368540 21.901264868165054
87.993549880632187 21.884520172997050
87.982627036895849 21.867775477829042
87.971044286939119 21.851545216512381
87.956686644842733 21.837632939740036
87.942329002746348 21.823720662967695
87.927971360649977 21.809808386195353
87.911695784840646 21.798843568618871
87.879672600277260 21.772203908249381
87.864502789605055 21.759181996879402
87.849332978932864 21.746160085509413
87.834163168260659 21.733138174139434
87.818993357588454 21.720116262769444
87.803823546916263 21.707094351399459
87.801449487078798 21.696220573323551
87.781457158014987 21.696210077481989
87.761464828951190 21.696199581640428
87.753137801449583 21.685348117091102
87.736690105508302 21.675206721776075
87.719079318694767 21.665743449648179
87.700533957237838 21.659038456245575
87.680791738801460 21.655885974244292
87.661049520365083 21.652733492243012
87.641307301928705 21.649581010241729
87.621565083492328 21.646428528240445
87.601822865055951 21.643276046239166
87.582080646619573 21.640123564237882
87.562338428183182 21.636971082236602
87.543380004290583 21.630808205028046
87.524705104202553 21.623670877919107
87.506030204114523 21.616533550810168
87.487355304026480 21.609396223701225
87.468680403938450 21.602258896592282
87.450005503850406 21.595121569483343
87.431330603762376 21.587984242374407
87.412655703674346 21.580846915265465
87.393980803586302 21.573709588156525
87.374485764270119 21.572794324505413
87.354638379091625 21.575197371141371
87.345835137646048 21.572618245955933
87.362059026309410 21.560935833183009
87.373069666143650 21.550634004481971
87.353113610881920 21.551837827537366
87.333157555620176 21.553041650592764
87.313201500358446 21.554245473648162
87.293245445096716 21.555449296703561
87.273321723522244 21.555361456559805
87.253505485386199 21.552713808982450
87.233689247250155 21.550066161405091
87.213873009114124 21.547418513827736
87.197811879923606 21.543516638950674
87.179478887684041 21.535542008733412
87.161145895444477 21.527567378516139
87.142812903204913 21.519592748298869
87.124275048556626 21.515181424840328
87.113141202980458 21.507606834254918
87.099273972870108 21.493353230771746
87.084204461005427 21.480215379207710
87.066642104316330 21.474373184651430
87.051490854607977 21.462052788022003
87.036539165838391 21.448781000859171
87.021587477068806 21.435509213696335
87.006635788299221 21.422237426533496
86.991684099529635 21.408965639370660
86.976732410760050 21.395693852207827
86.961780721990465 21.382422065044992
86.946829033220880 21.369150277882156
86.931877344451294 21.355878490719324
86.916925655681709 21.342606703556488
86.905536691347493 21.326405198383082
86.895886217804346 21.308896295163546
86.886235744261199 21.291387391944006
86.876585270718053 21.273878488724471
86.866934797174920 21.256369585504931
86.857284323631760 21.238860682285395
86.847633850088627 21.221351779065856
86.837444427758143 21.205683716130387
86.831288000394821 21.200391010985747
86.829972191122792 21.180442026612660
86.828656381850777 21.160493042239569
86.827340572578763 21.140544057866478
86.833896646619294 21.122008138527121
86.842336779612992 21.103884742415833
86.850776912606705 21.085761346304547
86.859217045600431 21.067637950193266
86.867657178594143 21.049514554081981
86.876097311587841 21.031391157970692
86.884537444581568 21.013267761859407
86.892977577575266 20.995144365748118
86.901417710568978 20.977020969636836
86.909857843562691 20.958897573525551
86.918297976556403 20.940774177414262
86.926738109550115 20.922650781302977
86.935178242543827 20.904527385191692
86.943618375537540 20.886403989080403
86.952058508531252 20.868280592969121
86.960498641524964 20.850157196857836
86.968938774518676 20.832033800746547
86.973328137872898 20.813373981234214
86.969670449962038 20.793719092511431
86.958301877440093 20.783786971689246
86.938654421540292 20.787484377296387
86.919006965640492 20.791181782903529
86.899359509740705 20.794879188510674
86.881830969623863 20.791472749430742
86.868442802368321 20.776817191065451
86.888224859984916 20.775599613829037
86.908186288429206 20.774488440565651
86.928147716873511 20.773377267302273
86.948109145317815 20.772266094038891
86.968070573762105 20.771154920775512
86.988032002206410 20.770043747512133
87.001499618857196 20.758049068349479
87.010156473075071 20.740064819818109
87.005960275939316 20.720753756005163
86.992341382705547 20.711846367201417
86.972353658755850 20.711417155285144
86.952365934806167 20.710987943368870
86.932378210856470 20.710558731452601
86.943782969240715 20.708657875146507
86.963680558241421 20.706713837205221
86.976689416291237 20.702224373834397
86.972645672923676 20.694919548277319
86.992619651891829 20.695775991934301
87.012593630859996 20.696632435591287
87.031580253680460 20.701647730697946
87.049432360351659 20.710647487303429
87.067296767109866 20.719622348323760
87.053534169298118 20.710975889383452
87.036485715563700 20.700533497089367
87.019437261829282 20.690091104795286
87.002388808094864 20.679648712501198
86.985340354360446 20.669206320207113
86.968291900626028 20.658763927913032
86.951243446891610 20.648321535618944
86.934194993157192 20.637879143324863
86.917146539422774 20.627436751030778
86.900098085688356 20.616994358736694
86.883049631953938 20.606551966442609
86.866001178219520 20.596109574148528
86.850881186240798 20.583167032708026
86.836619746177917 20.569156156258256
86.822358306115021 20.555145279808489
86.808096866052139 20.541134403358718
86.793835425989244 20.527123526908948
86.779573985926348 20.513112650459178
86.764051200119411 20.507168670565569
86.759843987898378 20.504861612061330
86.754573655452816 20.486929539935648
86.744742147774687 20.469839831111376
86.737448557966530 20.465828063647294
86.736636836030115 20.445852217255815
86.735825114093700 20.425876370864334
86.731028840046278 20.406866666905916
86.717639904873579 20.401775628958049
86.714483280862765 20.400423356868540
86.731743569112027 20.396704744822806
86.744605600625249 20.395664810101252
86.744805793586636 20.387354902400244
86.758202434874633 20.397185387555705
86.747221609325990 20.380478658317802
86.760320565100585 20.385304163544113
86.778014212887129 20.394602025767384
86.771842945333262 20.377547319472974
86.782561970938843 20.374776320459606
86.779993521866047 20.361096282962961
86.769000000000005 20.348200000000002
86.753600000000006 20.332700000000003
86.739597912534350 20.321460717622458
86.721133185818914 20.313796045491028
86.702668459103478 20.306131373359602
86.684203732388042 20.298466701228172
86.685070222885088 20.294051776261348
86.705061958322005 20.293897355477707
86.724764919865322 20.294967828220447
86.740090441382918 20.307717892538545
86.755131352300381 20.320888478339139
86.770172263217844 20.334059064139733
86.785213174135322 20.347229649940331
86.800254085052785 20.360400235740926
86.800031144732273 20.350269942159372
86.785914918828382 20.336550109544522
86.770200627531025 20.324190725232182
86.754486336233668 20.311831340919852
86.738772044936312 20.299471956607515
86.721833769371599 20.288964516596174
86.704125341469265 20.279685243306403
86.686416913566944 20.270405970016629
86.674726617479109 20.269501963968001
86.669574389139015 20.255077118957288
86.651508956878970 20.246513621493289
86.633443524618926 20.237950124029293
86.615378092358881 20.229386626565297
86.597312660098837 20.220823129101301
86.579247227838792 20.212259631637306
86.561181795578747 20.203696134173306
86.543116363318703 20.195132636709310
86.525050931058658 20.186569139245314
86.516178047897881 20.170267892900505
86.533324614792889 20.180548387794882
86.550471181687882 20.190828882689264
86.544617605871082 20.181541534321102
86.531698004180384 20.166284495823668
86.518778402489701 20.151027457326236
86.505858800799032 20.135770418828798
86.492939199108335 20.120513380331367
86.480019597417652 20.105256341833933
86.467099995726969 20.089999303336498
86.454180394036285 20.074742264839063
86.441311110818944 20.059449072220517
86.434437715038314 20.040787595327256
86.428574348281074 20.021674399314339
86.422538972258792 20.002658028943401
86.408097635014414 19.988859209541967
86.393331388528679 19.975381401994714
86.381546262971142 19.971079368953252
86.377664738581245 19.989398286135010
86.362436556438027 19.978700092984823
86.342811243683940 19.982513284674535
86.323185930929853 19.986326476364255
86.327640271760842 19.979919833766875
86.344535211486416 19.969230851437981
86.361430151211991 19.958541869109091
86.361837240025565 19.950584918696627
86.342074400289121 19.947564405973623
86.322311560552677 19.944543893250614
86.303379818097284 19.938815270277182
86.285462076184984 19.929946907614188
86.267544334272685 19.921078544951193
86.249626592360400 19.912210182288199
86.240988396721136 19.915163593594656
86.228581211489029 19.914752331405040
86.229917399690038 19.905902292694211
86.220565690648570 19.896388455635996
86.201609126246055 19.890112427923672
86.182437141068945 19.884444243388298
86.163265155891850 19.878776058852928
86.144093170714740 19.873107874317554
86.124921185537644 19.867439689782181
86.105749200360535 19.861771505246804
86.086577215183439 19.856103320711433
86.067329992280762 19.850751880458549
86.047633315226420 19.847326650199527
86.027934014939305 19.843916239702803
86.008234714652190 19.840505829206084
85.988535414365074 19.837095418709357
85.968836114077959 19.833685008212637
85.949136813790844 19.830274597715913
85.929437513503728 19.826864187219190
85.909824366519530 19.823093220867932
85.890894084607339 19.816666889565099
85.871984707804245 19.810176219301042
85.853075331001151 19.803685549036988
85.834165954198056 19.797194878772935
85.815256577394962 19.790704208508881
85.796347200591867 19.784213538244828
85.777437823788787 19.777722867980771
85.758528446985693 19.771232197716717
85.739619070182599 19.764741527452660
85.720709693379504 19.758250857188607
85.701800316576410 19.751760186924553
85.682890939773316 19.745269516660496
85.663981562970221 19.738778846396443
85.645072186167127 19.732288176132389
85.626162809364033 19.725797505868332
85.607253432560938 19.719306835604282
85.588344055757844 19.712816165340225
85.569434678954750 19.706325495076168
85.550525302151655 19.699834824812115
85.535103129074059 19.688611399397960
85.536765507584434 19.681813493767937
85.555405129080967 19.689042452339152
85.574044750577485 19.696271410910366
85.587557461020694 19.701044175303309
85.569608577681493 19.692239010998538
85.551659694342291 19.683433846693770
85.533710811003104 19.674628682388995
85.515761927663902 19.665823518084224
85.497813044324701 19.657018353779453
85.479864160985514 19.648213189474678
85.461915277646312 19.639408025169907
85.443966394307111 19.630602860865135
85.426017510967924 19.621797696560360
85.408068627628722 19.612992532255589
85.390119744289535 19.604187367950818
85.372170860950334 19.595382203646043
85.354221977611132 19.586577039341272
85.336851729225970 19.576780336347433
85.320382396247993 19.565446563682574
85.303913063270016 19.554112791017715
85.287443730292026 19.542779018352867
85.270974397314049 19.531445245688012
85.254505064336072 19.520111473023153
85.238035731358096 19.508777700358294
85.221566398380119 19.497443927693439
85.205097065402143 19.486110155028587
85.188627732424166 19.474776382363732
85.172158399446189 19.463442609698873
85.155689066468213 19.452108837034018
85.140735663607146 19.438972346811006
85.127044614332164 19.424403595961738
85.113353565057182 19.409834845112471
85.099662515782200 19.395266094263199
85.085971466507218 19.380697343413928
85.069200000000009 19.381100000000000
85.050594148435465 19.382984265585343
85.041608271170347 19.385267170901262
85.050864965041612 19.368282039895046
85.070518230420021 19.371919288653821
85.072364370626531 19.367429022510649
85.055955879903664 19.356007342960087
85.039547389180811 19.344585663409521
85.023138898457944 19.333163983858956
85.006730407735077 19.321742304308390
84.990321917012210 19.310320624757829
84.973913426289343 19.298898945207263
84.957504935566490 19.287477265656698
84.941096444843623 19.276055586106132
84.924687954120756 19.264633906555570
84.918000000000006 19.266600000000000
84.912979895495653 19.266231442109092
84.906610363155480 19.250064324850925
84.892013188124423 19.236403585022092
84.877416013093381 19.222742845193263
84.862818838062324 19.209082105364434
84.848221663031282 19.195421365535601
84.834579819322130 19.180926818420204
84.824142159870192 19.163875466663715
84.813704500418268 19.146824114907222
84.803266840966330 19.129772763150733
84.796089866747593 19.122782250866102
84.788736801335816 19.121006658712172
84.771400000000000 19.118800000000000
84.755351731528037 19.113930558009304
84.739243103254253 19.108075719341702
84.727586067743360 19.091833587257028
84.740637178843571 19.078662390645437
84.753333297955720 19.086387532388834
84.765720072436835 19.101353072189152
84.784021475655805 19.109399655021583
84.786351578778707 19.103915913365427
84.774895677263430 19.087531297043082
84.763439775748168 19.071146680720734
84.751983874232891 19.054762064398382
84.740527972717629 19.038377448076034
84.729072071202353 19.021992831753689
84.717616169687076 19.005608215431341
84.706160268171814 18.989223599108989
84.694704366656538 18.972838982786644
84.681676808760386 18.957736384043731
84.667716183149565 18.943425749392784
84.653755557538759 18.929115114741837
84.639794931927952 18.914804480090890
84.625834306317145 18.900493845439943
84.611873680706339 18.886183210788996
84.597913055095518 18.871872576138056
84.586343252404234 18.855862222533716
84.578420920091276 18.837506569936185
84.570498587778332 18.819150917338650
84.562576255465373 18.800795264741122
84.551722271604973 18.784402772254825
84.536888278953953 18.770999563922945
84.522054286302946 18.757596355591073
84.507220293651926 18.744193147259193
84.492386301000906 18.730789938927323
84.477552308349885 18.717386730595443
84.465779049074612 18.701543772524744
84.456311501334326 18.683935283908639
84.446843953594040 18.666326795292534
84.434680219947708 18.650777242982713
84.419852205022536 18.637367421770744
84.405024190097379 18.623957600558771
84.390196175172193 18.610547779346803
84.375368160247035 18.597137958134827
84.366601040607719 18.579572315051696
84.354373374276761 18.569776741622135
84.353991623179354 18.581096034152601
84.337730944481677 18.577845360132464
84.347332456207354 18.564744912767171
84.334728532517957 18.564029517908299
84.321137661914818 18.549367268155731
84.308303626516775 18.534742506490517
84.325515563330526 18.544629984909825
84.342751038381181 18.554760716933536
84.359986513431835 18.564891448957255
84.352814868279964 18.547955690736352
84.338081726542839 18.534441702941788
84.323348584805686 18.520927715147234
84.308615443068547 18.507413727352670
84.293882301331408 18.493899739558117
84.279149159594269 18.480385751763553
84.264416017857116 18.466871763968999
84.249682876119991 18.453357776174435
84.234949734382838 18.439843788379882
84.220216592645698 18.426329800585318
84.205483450908559 18.412815812790765
84.190750309171406 18.399301824996208
84.176017167434267 18.385787837201647
84.161284025697128 18.372273849407090
84.146550883959989 18.358759861612530
84.129187259353046 18.350933785463791
84.109204847361781 18.350304069202778
84.111701198437189 18.347506404348955
84.131102235700737 18.342882399660667
84.130366861828335 18.323534741699348
84.123446816769302 18.306453511039276
84.105854189267305 18.296956522614828
84.088261561765307 18.287459534190383
84.070668934263296 18.277962545765938
84.053076306761298 18.268465557341489
84.035483679259301 18.258968568917044
84.017891051757303 18.249471580492600
84.000298424255305 18.239974592068151
83.982705796753308 18.230477603643706
83.965113169251296 18.220980615219261
83.947546890544345 18.216170958786773
83.930361232171180 18.226385971162639
83.934236666326399 18.217277778231459
83.929915712906663 18.204661368415604
83.911920539578233 18.195951198013283
83.893925366249789 18.187241027610966
83.875930192921345 18.178530857208649
83.857771831542408 18.170307994262657
83.838047390945050 18.167057135259373
83.818303347164644 18.163916105689999
83.799373879633180 18.158198307288064
83.781731456761676 18.148794146146248
83.764089033890173 18.139389985004435
83.746446611018669 18.129985823862626
83.728804188147166 18.120581662720809
83.711161765275662 18.111177501578997
83.693519342404159 18.101773340437180
83.675876919532655 18.092369179295364
83.676163612482497 18.082338517079364
83.659755541972814 18.070916233870335
83.643347471463130 18.059493950661302
83.626939400953447 18.048071667452273
83.610531330443763 18.036649384243240
83.594123259934079 18.025227101034211
83.577464116332777 18.014926238655509
83.559972724418387 18.024262988855511
83.567116943916162 18.011374929219723
83.562863213176328 17.994590082330113
83.552216634654300 17.977668389231244
83.540432015078210 17.961793579528667
83.524260824002425 17.950038499326414
83.508082391280112 17.938293217456327
83.491903958557799 17.926547935586239
83.475725525835486 17.914802653716155
83.459547093113173 17.903057371846071
83.454865777312619 17.917387083964986
83.448032585829040 17.907244622760171
83.455488436566270 17.891561782936805
83.442033260750918 17.877179162418212
83.427600363777728 17.863344972289426
83.415041996093493 17.848271529277543
83.412847339276965 17.828400021709776
83.410398354626295 17.808597884717106
83.397161417532956 17.793921779756676
83.382720716855843 17.780095735654609
83.368280016178744 17.766269691552544
83.353839315501631 17.752443647450480
83.346938188556095 17.734195312119230
83.337206957231516 17.718319087148206
83.319595085682607 17.708857833948834
83.301983214133699 17.699396580749454
83.284982143966332 17.689319910266459
83.296561188045828 17.674760281581861
83.280882723705830 17.662355480596059
83.265204259365831 17.649950679610249
83.249525795025832 17.637545878624447
83.235223987223165 17.623909727586209
83.224875218726609 17.606804280437334
83.214081379388901 17.590018884719612
83.195708773024506 17.582135949546906
83.177336166660112 17.574253014374197
83.158963560295717 17.566370079201494
83.140590953931323 17.558487144028785
83.122218347566928 17.550604208856083
83.103845741202534 17.542721273683373
83.085473134838139 17.534838338510671
83.067100528473745 17.526955403337961
83.048727922109350 17.519072468165259
83.030355991174758 17.511188119851518
83.016189012924528 17.497450460525442
83.003161849823584 17.482285159569003
82.987728586269924 17.470218954854271
82.969386857092744 17.462264440265123
82.951045127915563 17.454309925675975
82.932703398738369 17.446355411086834
82.914361669561188 17.438400896497686
82.896019940384008 17.430446381908542
82.884561212675592 17.429663971567567
82.889399778796019 17.445771491784633
82.872242906701302 17.435508204227325
82.856731390769227 17.424388076782996
82.864918139697991 17.413318914630896
82.847015559644589 17.404419984414872
82.829112979591187 17.395521054198845
82.811210399537785 17.386622123982821
82.793307819484383 17.377723193766798
82.775405239430981 17.368824263550771
82.757502659377593 17.359925333334743
82.739600079324177 17.351026403118720
82.721697499270789 17.342127472902696
82.703794919217387 17.333228542686673
82.685892339163985 17.324329612470653
82.667989759110583 17.315430682254625
82.650087179057181 17.306531752038602
82.632184599003779 17.297632821822575
82.614282018950377 17.288733891606547
82.596379438896989 17.279834961390524
82.579370524196392 17.269404321644110
82.562991650616809 17.257940211045298
82.546612777037211 17.246476100446490
82.530233903457614 17.235011989847678
82.513855029878016 17.223547879248869
82.497476156298418 17.212083768650057
82.481097282718821 17.200619658051249
82.464718597936894 17.189155277737616
82.450174787111564 17.175448993711633
82.435698490415888 17.161660224167665
82.421222193720197 17.147871454623701
82.406745897024507 17.134082685079729
82.392269600328831 17.120293915535765
82.377793303633140 17.106505145991793
82.363317006937464 17.092716376447822
82.348840710241774 17.078927606903857
82.334364413546083 17.065138837359886
82.319888116850407 17.051350067815921
82.305997370256094 17.037050732731199
82.299450685596383 17.018190980517453
82.293080050718061 16.999240826354356
82.286709415839752 16.980290672191252
82.280338780961415 16.961340518028155
82.272282724089479 16.943441228703694
82.253429259541917 16.936845859097840
82.250424966461850 16.918110717907190
82.250433967060530 16.898118388114305
82.250901833822482 16.878309355384939
82.267399205986280 16.882109553425657
82.284525711779992 16.871827094103434
82.278984743987095 16.855361465250080
82.297893414444815 16.861854192957260
82.310791588538009 16.850267478865931
82.322912670274235 16.850717222153417
82.341073565344203 16.852874061806979
82.356665564968338 16.845990711873920